4
5
6
8
9
12
15
18
27
28
31
32
35
37
39
44
45
46
47
48
50
58
63
66
67
68
71
73
76
78
82
89
91
95
96
97
99
100
103
104
106
107
108
117
123
129
130
133
134
135
136
138
142
146
151
153
156
157
158
159
160
162
163
164
169
170
171
173
177
182
184
185
186
192
193
195
202
203
204
205
208
210
211
213
218
222
223
224
226
227
229
231
236
237
241
242
243
254
258
259
263
264
267
269
270
271
273
274
278
283
286
288
290
291
293
295
296
298
306
307
314
316
319
320
322
326
329
332
333
335
340
343
350
353
359
361
363
365
368
371
372
374
383
393
394
399
402
403
405
406
408
410
416
419
420
422
426
427
429
430
432
437
441
443
444
445
447
448
450
452
460
462
464
465
468
472
475
476
479
482
487
489
492
493
496
505
506
507
511
513
519
525
527
530
534
535
537
538
543
545
552
558
559
561
562
564
566
567
571
572
579
580
582
583
585
586
587
591
596
599
603
604
606
610
612
614
615
624
625
626
633
634
635
641
646
655
661
667
671
683
686
687
695
696
697
699
703
705
707
710
711
713
719
721
723
725
726
727
728
730
732
733
752
754
755
759
760
762
763
765
767
774
780
781
784
785
787
788
791
794
796
806
807
808
809
811
816
818
820
823
825
826
827
829
830
833
836
837
843
850
852
853
855
859
863
864
867
869
871
877
879
880
883
888
889
890
899
901
902
904
913
915
927
932
935
936
938
940
950
956
957
960
964
967
969
970
971
974
977
980
983
984
985
986
988
990
992
1000
1001
1004
1005
1006
1007
1008
1009
1010
1011
1012
1013
1015
1020
1028
1031
1035
1047
1052
1054
1058
1060
1062
1063
1066
1069
1072
1078
1082
1083
1088
1090
1091
1093
1095
1103
1106
1118
1125
1126
1128
1129
1130
1132
1133
1148
1153
1154
1155
1156
1160
1168
1170
1173
1175
1179
1181
1183
1184
1189
1190
1191
1198
1201
1206
1207
1212
1216
1218
1222
1229
1242
1243
1245
1249
1259
1260
1262
1263
1264
1269
1275
1277
1280
1281
1291
1295
1298
1304
1308
1310
1315
1321
1322
1326
1335
1336
1337
1338
1340
1341
1344
1348
1351
1353
1356
1359
1365
1366
1367
1368
1369
1371
1378
1383
1385
1387
1398
1400
1404
1406
1408
1410
1412
1413
1417
1421
1423
1427
1435
1436
1439
1440
1442
1443
1444
1445
1447
1449
1452
1455
1456
1460
1461
1462
1466
1469
1471
1477
1482
1483
1485
1487
1490
1492
1493
1495
1499
1503
1505
1507
1508
1512
1514
1518
1520
1521
1526
1530
1531
1532
1533
1536
1538
1539
1543
1544
1548
1550
1560
1563
1565
1566
1567
1571
1573
1574
1576
1578
1580
1581
1583
1584
1592
1594
1595
1596
1598
1599
1601
1604
1607
1608
1612
1613
1616
1620
1621
1627
1633
1635
1636
1642
1644
1649
1653
1657
1665
1669
1671
1673
1676
1679
1680
1683
1684
1686
1694
1695
1697
1699
1700
1702
1707
1709
1710
1713
1714
1715
1719
1729
1733
1736
1737
1739
1746
1748
1749
1750
1754
1758
1759
1763
1766
1775
1777
1782
1785
1791
1795
1796
1798
1804
1805
1806
1809
1814
1815
1816
1821
1822
1823
1826
1827
1832
1834
1836
1837
1841
1850
1854
1855
1859
1860
1863
1865
1867
1869
1870
1881
1884
1886
1887
1893
1895
1896
1899
1905
1916
1917
1923
1926
1927
1932
1933
1936
1938
1940
1942
1944
1947
1949
1954
1961
1962
1967
1968
1969
1971
1981
1982
1986
1988
1992
1993
2002
2003
2005
2009
2010
2012
2013
2019
2020
2021
2022
2029
2035
2038
2040
2043
2045
2047
2049
2051
2061
2069
2073
2080
2085
2087
2088
2091
2099
2101
2102
2110
2114
2118
2122
2124
2125
2127
2129
2132
2139
2141
2148
2151
2152
2153
2154
2156
2162
2163
2166
2167
2168
2170
2172
2174
2178
2179
2181
2182
2183
2185
2186
2189
2190
2191
2193
2197
2198
2202
2209
2210
2213
2214
2217
2220
2221
2223
2224
2226
2227
2232
2236
2238
2239
2240
2244
2246
2247
2249
2250
2251
2252
2253
2255
2256
2259
2261
2263
2264
2275
2279
2281
2282
2288
2294
2296
2297
2303
2305
2312
2313
2314
2315
2323
2327
2336
2337
2342
2343
2344
2346
2349
2350
2355
2356
2366
2369
2374
2380
2381
2385
2387
2388
2399
2401
2402
2405
2410
2411
2414
2415
2420
2422
2423
2425
2428
2432
2437
2441
2444
2448
2451
2452
2455
2458
2462
2467
2475
2478
2479
2480
2482
2483
2484
2487
2488
2492
2493
2496
2504
2509
2511
2512
2515
2517
2521
2527
2528
2530
2533
2536
2543
2545
2547
2548
2552
2554
2556
2558
2563
2564
2566
2570
2571
2573
2575
2578
2584
2586
2587
2588
2589
2591
2593
2594
2596
2598
2602
2607
2608
2612
2613
2618
2624
2626
2629
2631
2643
2645
2647
2650
2654
2658
2661
2666
2667
2672
2675
2676
2684
2686
2687
2688
2690
2696
2697
2704
2707
2709
2710
2717
2718
2720
2728
2733
2736
2740
2742
2746
2747
2751
2755
2760
2763
2765
2766
2770
2772
2778
2786
2788
2789
2792
2796
2798
2802
2805
2806
2812
2813
2815
2825
2827
2830
2832
2834
2840
2843
2847
2849
2855
2859
2860
2872
2873
2875
2877
2878
2885
2887
2888
2893
2897
2902
2903
2907
2911
2914
2915
2916
2917
2918
2919
2925
2926
2928
2931
2937
2942
2945
2952
2958
2959
2965
2967
2969
2975
2976
2978
2979
2984
2986
2990
2994
2996
2997
2999